10 0.776331 0.447452 0.007523 0.012739
10 0.820602 0.416003 0.009259 0.015127
10 0.790220 0.412022 0.016782 0.016720
10 0.875579 0.347134 0.008102 0.007962
10 0.926505 0.321258 0.006944 0.018312
10 0.853877 0.317675 0.012153 0.019108
10 0.831308 0.302946 0.028356 0.046975
10 0.819155 0.253981 0.029514 0.038217
10 0.702257 0.273885 0.083912 0.081210
10 0.837963 0.242038 0.012731 0.022293
10 0.802662 0.232882 0.008102 0.018312
10 0.788773 0.226513 0.005787 0.018312
10 0.308738 0.230892 0.064236 0.054140
