10 0.300926 0.786450 0.003472 0.021395
10 0.291667 0.778130 0.006944 0.015848
10 0.264757 0.767036 0.010995 0.020602
10 0.199363 0.757132 0.006366 0.007132
10 0.278646 0.754754 0.023727 0.022979
10 0.706308 0.726624 0.008681 0.009509
10 0.739583 0.763471 0.153935 0.097464
10 0.269676 0.710380 0.023148 0.046751
10 0.250579 0.694532 0.016204 0.015055
10 0.189815 0.689382 0.006944 0.009509
10 0.236111 0.664025 0.008102 0.009509
10 0.302951 0.591918 0.013310 0.022187
10 0.283275 0.588748 0.006366 0.017433
10 0.206019 0.569334 0.005787 0.010301
