10 0.250868 0.994503 0.007523 0.004581
10 0.157407 0.987174 0.006944 0.004581
10 0.127604 0.970224 0.008681 0.005497
10 0.170139 0.958772 0.020833 0.010994
10 0.265336 0.946404 0.020255 0.010994
10 0.237269 0.935639 0.008102 0.007787
10 0.211806 0.932661 0.005787 0.008246
10 0.170139 0.939991 0.034722 0.023820
10 0.256366 0.925332 0.011574 0.009162
10 0.024884 0.906093 0.017361 0.010994
10 0.142361 0.902886 0.003472 0.007329
10 0.041088 0.900825 0.009259 0.005955
10 0.181424 0.748282 0.004051 0.009620
10 0.243634 0.778974 0.150463 0.180944
