10 0.828704 0.792559 0.037037 0.004104
10 0.596644 0.637580 0.021991 0.007495
10 0.723380 0.634279 0.027778 0.010528
10 0.655093 0.632227 0.023148 0.009636
10 0.779514 0.594486 0.015046 0.010171
10 0.628183 0.591006 0.061921 0.009993
10 0.650752 0.578515 0.063079 0.008922
10 0.696470 0.572181 0.009838 0.003390
10 0.681134 0.560939 0.016204 0.004818
10 0.625000 0.567630 0.104167 0.018558
10 0.693576 0.562455 0.029514 0.015703
10 0.286458 0.544968 0.026620 0.013205
10 0.383970 0.528640 0.021412 0.015168
10 0.352431 0.524358 0.026620 0.010528
10 0.594039 0.519807 0.010995 0.008922
10 0.631655 0.507495 0.035301 0.006424
10 0.688657 0.506513 0.006944 0.005889
10 0.740741 0.503034 0.021991 0.006781
10 0.717593 0.482334 0.015046 0.001428
10 0.695023 0.473501 0.024306 0.004461
10 0.724826 0.462616 0.010995 0.003390
10 0.766782 0.457441 0.027778 0.006959
10 0.416377 0.438169 0.029514 0.003390
10 0.853009 0.538098 0.293981 0.233583
10 0.669271 0.419700 0.004051 0.006424
