10 0.344039 0.628171 0.013310 0.003037
10 0.328125 0.621204 0.011574 0.006610
10 0.300926 0.601465 0.009259 0.001429
10 0.302662 0.596552 0.006944 0.002322
10 0.307002 0.596731 0.050347 0.007324
10 0.918981 0.591640 0.048611 0.002144
10 0.644965 0.578153 0.066551 0.005895
10 0.706019 0.566274 0.015046 0.010361
10 0.687211 0.555556 0.009838 0.004645
10 0.296586 0.556002 0.010995 0.008039
10 0.623553 0.549214 0.064236 0.003394
10 0.589410 0.546534 0.006366 0.007324
10 0.698785 0.545016 0.016782 0.006431
10 0.668981 0.538853 0.020833 0.001965
10 0.753762 0.526081 0.006366 0.006431
10 0.704572 0.525634 0.004051 0.008753
10 0.578125 0.524562 0.031250 0.008753
10 0.581887 0.518489 0.010995 0.008039
10 0.638021 0.523491 0.044560 0.020900
10 0.758681 0.511790 0.024306 0.002501
10 0.720775 0.511433 0.015625 0.002501
10 0.799769 0.501340 0.011574 0.011254
10 0.790799 0.487853 0.023727 0.005359
10 0.829861 0.487317 0.027778 0.006074
10 0.938368 0.478117 0.029514 0.009468
10 0.701968 0.458914 0.026620 0.005716
10 0.645544 0.459986 0.096644 0.013934
10 0.748553 0.456502 0.105903 0.009825
10 0.648727 0.451322 0.006944 0.002680
10 0.626157 0.450875 0.006944 0.001786
10 0.664931 0.451233 0.005787 0.002858
10 0.690394 0.447392 0.013889 0.003394
10 0.296875 0.448910 0.012731 0.017149
10 0.291377 0.438460 0.058449 0.008396
10 0.653067 0.439979 0.043403 0.020007
10 0.706308 0.431851 0.034144 0.008039
10 0.764178 0.431225 0.017940 0.009289
10 0.722512 0.418096 0.056134 0.009110
10 0.320602 0.414166 0.009259 0.005180
10 0.655382 0.412290 0.021412 0.003215
10 0.606481 0.410414 0.038194 0.003394
10 0.340856 0.409879 0.010417 0.005180
10 0.691262 0.407914 0.034144 0.004466
10 0.329572 0.406752 0.010995 0.009646
10 0.357928 0.401929 0.009838 0.001429
10 0.607928 0.397999 0.048032 0.007145
10 0.663194 0.383887 0.027778 0.010361
10 0.604167 0.382815 0.013889 0.011790
10 0.648438 0.364773 0.032986 0.002144
10 0.380208 0.490890 0.208333 0.259021
10 0.393519 0.223205 0.032407 0.005895
