10 0.955440 0.756631 0.046296 0.017921
10 0.877604 0.736738 0.089699 0.036201
10 0.893519 0.692294 0.043981 0.013978
10 0.783275 0.653943 0.029514 0.008244
10 0.756944 0.637455 0.011574 0.011111
10 0.916088 0.623297 0.047454 0.017204
10 0.787905 0.620251 0.029514 0.013978
10 0.072917 0.561470 0.032407 0.014695
10 0.223669 0.551075 0.082755 0.037634
10 0.902778 0.518638 0.045139 0.006452
10 0.833044 0.514695 0.068866 0.008602
10 0.859375 0.504301 0.015046 0.009319
10 0.841725 0.554122 0.316551 0.118280
10 0.950231 0.505018 0.099537 0.020789
10 0.192998 0.509319 0.232060 0.091039
10 0.163194 0.029749 0.141204 0.038710
