10 0.895833 0.647441 0.017361 0.012257
10 0.971065 0.639870 0.006944 0.007210
10 0.801794 0.530281 0.007523 0.007210
10 0.621238 0.539654 0.221644 0.104542
10 0.316551 0.438717 0.048611 0.039654
10 0.841435 0.486121 0.317130 0.137347
10 0.891782 0.419971 0.034722 0.012257
10 0.774306 0.419791 0.008102 0.012617
10 0.219329 0.409517 0.092593 0.023792
10 0.903067 0.385905 0.037616 0.005407
10 0.796586 0.339942 0.032986 0.013699
10 0.101852 0.324802 0.012731 0.017304
10 0.749421 0.306417 0.041667 0.025955
10 0.813947 0.298125 0.080440 0.033886
