10 0.023727 0.799738 0.047454 0.028871
10 0.415799 0.639895 0.008681 0.032546
10 0.384549 0.629396 0.006366 0.022047
10 0.173322 0.631759 0.090856 0.061417
10 0.403356 0.604987 0.025463 0.029921
10 0.144676 0.597375 0.021991 0.016798
10 0.108507 0.594751 0.028356 0.028346
10 0.375868 0.571654 0.031829 0.024147
10 0.422454 0.559055 0.011574 0.013648
10 0.319444 0.553281 0.026620 0.038845
10 0.359375 0.534121 0.003472 0.009974
10 0.317708 0.533071 0.006944 0.017323
10 0.345197 0.516798 0.023727 0.029921
10 0.364005 0.512598 0.016204 0.023622
10 0.406829 0.489239 0.021991 0.014698
10 0.180556 0.507874 0.359954 0.100262
10 0.131944 0.451969 0.089120 0.027297
