10 0.121528 0.906848 0.026620 0.004041
10 0.403646 0.828584 0.016782 0.003828
10 0.330729 0.814441 0.007523 0.001276
10 0.294560 0.815770 0.037037 0.004360
10 0.260417 0.808858 0.049769 0.009251
10 0.300926 0.799022 0.009259 0.001276
10 0.574653 0.796576 0.054398 0.006168
10 0.793403 0.791738 0.012731 0.002658
10 0.676505 0.784081 0.010417 0.001595
10 0.703704 0.781423 0.024306 0.003084
10 0.692130 0.780838 0.012731 0.001914
10 0.788773 0.770683 0.006944 0.001808
10 0.771123 0.769088 0.007523 0.001170
10 0.732928 0.771214 0.140625 0.013292
10 0.749132 0.760527 0.173032 0.021906
10 0.262153 0.165727 0.074074 0.053701
10 0.035880 0.149192 0.069444 0.067418
10 0.178819 0.147597 0.175926 0.089536
10 0.107060 0.091344 0.018519 0.005104
