10 0.915799 0.772047 0.008681 0.007087
10 0.815683 0.737795 0.007523 0.011024
10 0.846933 0.719685 0.008681 0.018898
10 0.926215 0.706693 0.014468 0.011811
10 0.910880 0.690551 0.006944 0.011024
10 0.860822 0.696063 0.042245 0.023622
10 0.918981 0.683858 0.008102 0.014961
10 0.904514 0.688976 0.012731 0.028346
10 0.747106 0.646850 0.018519 0.014961
10 0.830440 0.641339 0.006944 0.019685
10 0.876447 0.479528 0.012153 0.015748
10 0.861690 0.432677 0.003472 0.016535
10 0.903646 0.466142 0.116319 0.251969
