10 0.304109 0.746077 0.016782 0.016213
10 0.612269 0.695345 0.032407 0.024582
10 0.426505 0.680178 0.030093 0.039226
10 0.580440 0.668672 0.011574 0.021444
10 0.280093 0.662395 0.006944 0.013075
10 0.605035 0.660042 0.015625 0.012552
10 0.796586 0.669456 0.023727 0.033473
10 0.567998 0.650366 0.019097 0.012029
10 0.375868 0.631538 0.008681 0.017259
10 0.320312 0.625785 0.030671 0.017259
10 0.700810 0.605910 0.004630 0.017259
10 0.348958 0.608525 0.016204 0.022490
10 0.691551 0.607218 0.006944 0.034519
10 0.716435 0.611925 0.050926 0.052301
10 0.916667 0.601987 0.010417 0.042887
10 0.671296 0.598849 0.037037 0.041841
10 0.671875 0.575837 0.016204 0.013598
10 0.631944 0.569561 0.021991 0.014644
10 0.423032 0.569561 0.023148 0.023013
10 0.842593 0.529289 0.023148 0.051255
10 0.310475 0.536611 0.346644 0.132845
10 0.678819 0.487971 0.319444 0.102510
10 0.656829 0.436454 0.067130 0.021444
